 TimeStamp node100.outport.0 node100.outport.1 node100.outport.2 node100.outport.3 node100.outport.4 node100.outport.5 node100.outport.6 node100.outport.7 node100.outport.8 node100.outport.9 node100.outport.10 node100.outport.11 node100.outport.12 node100.outport.13 node100.outport.14 node100.outport.15 node100.outport.16 node100.outport.17 node100.outport.18 node100.outport.19 node100.outport.20 node100.outport.21 node100.outport.22 node100.outport.23 node100.outport.24 node100.outport.25 node100.outport.26 node100.outport.27 node100.outport.28 node100.outport.29 node100.outport.30 node100.outport.31 node100.outport.32 node100.outport.33 node100.outport.34 node100.outport.35 node100.outport.36 node100.outport.37 node100.outport.38 node100.outport.39 node100.outport.40 node100.outport.41 node100.outport.42 node100.outport.43 node100.outport.44 node100.outport.45 node100.outport.46 node100.outport.47 node100.outport.48 node100.outport.49 node100.outport.50 node100.outport.51 node100.outport.52 node100.outport.53 node100.outport.54 node100.outport.55 node100.outport.56 node100.outport.57 node100.outport.58 node100.outport.59 node100.outport.60 node100.outport.61 node100.outport.62 node100.outport.63 node100.outport.64 node100.outport.65 node100.outport.66 node100.outport.67 node100.outport.68 node100.outport.69 node100.outport.70 node100.outport.71 node100.outport.72 node100.outport.73 node100.outport.74 node100.outport.75 node100.outport.76 node100.outport.77 node100.outport.78 node100.outport.79 node100.outport.80 node100.outport.81 node100.outport.82 node100.outport.83 node100.outport.84 node100.outport.85 node100.outport.86 node100.outport.87 node100.outport.88 node100.outport.89 node100.outport.90 node100.outport.91 node100.outport.92 node100.outport.93 node100.outport.94 node100.outport.95 node100.outport.96 node100.outport.97 node100.outport.98 node100.outport.99
 0.000416052  -1 -1 -1 -1 -1 -1 -1 -1 -1 -1 -1 -1 -1 -1 -1 -1 -1 -1 -1 -1 -1 -1 -1 -1 -1 -1 -1 -1 -1 -1 -1 -1 -1 -1 -1 -1 -1 -1 -1 -1 -1 -1 -1 -1 -1 -1 -1 -1 -1 -1 -1 -1 -1 -1 -1 -1 -1 -1 -1 -1 -1 -1 -1 -1 -1 -1 -1 -1 -1 -1 -1 -1 -1 -1 -1 -1 -1 -1 -1 -1 -1 -1 -1 -1 -1 -1 -1 -1 -1 -1 -1 -1 -1 -1 -1 -1 -1 -1 -1 -1 
 0.00315278  -1 -1 -1 -1 -1 -1 0 0 0 0 0 0 0 0 0 0 0 0 0 0 0 0 0 0 0 0 0 0 0 0 0 0 0 0 0 0 0 0 0 0 0 0 0 0 0 0 0 0 0 0 0 0 0 0 0 0 0 0 0 0 0 0 0 0 0 0 0 0 0 0 0 0 0 0 0 0 0 0 0 0 0 0 0 0 0 0 0 0 0 0 0 0 0 0 0 0 0 0 0 0 
 0.105733  -1 -1 -1 -1 -1 -1 0 0 0 0 0 0 0 0 0 0 0 0 0 0 0 0 0 1 1 1 1 1 1 1 1 1 1 1 1 1 1 1 1 1 1 1 1 1 1 1 1 1 1 1 1 1 1 1 1 1 1 1 1 1 1 1 1 1 1 1 1 1 1 1 1 1 1 1 1 1 1 1 1 1 1 1 1 1 1 1 1 1 1 1 1 1 1 1 1 1 1 1 1 1 
 0.205419  -1 -1 -1 -1 -1 -1 0 0 0 0 0 0 0 0 0 0 0 0 0 0 0 0 0 1 1 1 1 1 1 1 1 1 1 1 1 1 1 1 1 1 1 1 1 1 1 1 1 1 1 1 1 2 2 2 2 2 2 2 2 2 2 2 2 2 2 2 2 2 2 2 2 2 2 2 2 2 2 2 2 2 2 2 2 2 2 2 2 2 2 2 2 2 2 2 2 2 2 2 2 2 
 0.305761  -1 -1 -1 -1 -1 -1 0 0 0 0 0 0 0 0 0 0 0 0 0 0 0 0 0 1 1 1 1 1 1 1 1 1 1 1 1 1 1 1 1 1 1 1 1 1 1 1 1 1 1 2 2 3 3 3 3 3 3 3 3 3 3 3 3 3 3 3 3 3 3 3 3 3 3 3 3 3 3 3 3 3 3 3 3 3 3 3 3 3 3 3 3 3 3 3 3 3 3 3 3 3 
 0.406093  -1 -1 -1 -1 -1 -1 0 0 0 0 0 0 0 0 0 0 1 2 2 2 2 2 3 3 3 3 3 3 3 3 3 3 3 3 3 3 3 3 3 3 3 3 3 3 3 3 3 3 3 4 4 4 4 4 4 4 4 4 4 4 4 4 4 4 4 4 4 4 4 4 4 4 4 4 4 4 4 4 4 4 4 4 4 4 4 4 4 4 4 4 4 4 4 4 4 4 4 4 4 4 
 0.505895  -1 -1 -1 -1 -1 -1 0 0 0 0 0 0 0 0 0 0 1 2 2 2 2 2 3 3 3 3 3 3 3 3 3 3 3 3 3 3 3 3 3 3 3 3 3 3 3 3 3 3 3 4 4 4 4 4 4 4 4 4 4 4 4 4 4 4 4 4 4 4 4 4 4 5 5 5 5 5 5 5 5 5 5 5 5 5 5 5 5 5 5 5 5 5 5 5 5 5 5 5 5 5 
 0.605733  -1 -1 -1 -1 -1 -1 0 0 0 0 0 0 0 0 0 0 1 2 2 2 2 2 3 3 3 3 3 3 3 3 3 3 3 3 3 3 3 3 3 3 3 3 3 3 3 3 3 3 3 4 4 5 5 5 5 5 5 5 5 5 5 5 5 5 5 5 5 5 5 5 5 6 6 6 6 6 6 6 6 6 6 6 6 6 6 6 6 6 6 6 6 6 6 6 6 6 6 6 6 6 
 0.70576  -1 -1 -1 -1 -1 -1 0 0 0 0 0 0 0 0 0 0 1 2 2 2 2 2 3 3 3 3 3 3 3 3 3 3 3 3 4 4 4 4 4 4 4 4 4 4 4 4 4 4 4 5 5 6 6 6 6 6 6 6 6 6 6 6 6 6 6 6 6 6 6 6 6 7 7 7 7 7 7 7 7 7 7 7 7 7 7 7 7 7 7 7 7 7 7 7 7 7 7 7 7 7 
 0.80547  -1 -1 -1 -1 -1 -1 0 0 0 0 0 0 0 0 0 0 1 2 2 2 2 2 3 3 3 3 3 3 3 3 3 4 5 5 6 6 6 6 6 6 6 6 6 6 6 6 6 6 6 6 6 7 7 7 7 7 7 7 7 7 7 7 7 7 7 7 7 7 7 7 7 8 8 8 8 8 8 8 8 8 8 8 8 8 8 8 8 8 8 8 8 8 8 8 8 8 8 8 8 8 
 0.905494  -1 -1 -1 -1 -1 -1 0 0 0 0 0 0 0 0 0 0 1 2 2 2 2 2 3 3 4 5 5 5 5 6 6 6 6 6 7 7 7 7 7 7 7 7 7 7 7 7 7 7 7 8 8 8 8 8 8 8 8 8 8 8 8 8 8 8 8 8 8 8 8 8 8 9 9 9 9 9 9 9 9 9 9 9 9 9 9 9 9 9 9 9 9 9 9 9 9 9 9 9 9 9 
 1.0057  -1 -1 -1 -1 -1 -1 0 0 0 0 0 0 0 0 0 0 1 2 2 2 2 2 3 3 4 5 5 5 5 6 6 6 6 6 7 7 7 7 7 7 7 7 7 7 7 7 7 7 7 8 8 9 9 9 9 9 9 9 9 9 9 9 9 9 9 9 9 9 9 9 9 10 10 10 10 10 10 10 10 10 10 10 10 10 10 10 10 10 10 10 10 10 10 10 10 10 10 10 10 10 
 1.10591  -1 -1 -1 -1 -1 -1 0 0 0 0 0 0 0 0 0 0 1 2 2 2 2 2 3 3 4 5 5 5 5 6 6 6 6 6 7 7 7 7 7 7 7 7 7 7 7 7 7 7 7 8 8 9 9 9 9 9 9 9 9 9 9 9 9 9 9 9 9 9 9 9 9 10 10 10 10 10 10 10 10 10 10 10 10 10 10 10 10 10 10 10 11 11 11 11 11 11 11 11 11 11 
 1.20544  -1 -1 -1 -1 -1 -1 0 0 0 0 0 0 0 0 0 0 1 2 2 2 2 2 3 3 4 5 5 5 5 6 6 6 6 6 7 7 7 7 7 7 7 7 7 7 7 7 7 7 7 8 8 9 9 9 9 9 9 9 9 9 9 9 9 9 9 9 9 9 9 9 9 10 10 10 10 10 10 10 10 10 10 10 10 10 10 10 11 11 12 12 12 12 12 12 12 12 12 12 12 12 
 1.30519  -1 -1 -1 -1 -1 -1 0 0 0 0 0 0 0 0 0 0 1 2 2 2 2 2 3 3 4 5 5 5 5 6 6 6 6 6 7 7 7 7 7 7 7 7 7 7 7 7 7 7 7 8 8 9 9 9 9 9 9 9 9 9 9 9 9 9 9 9 9 9 9 9 9 10 10 10 10 10 10 10 10 10 10 10 10 10 10 10 11 11 12 12 13 13 13 13 13 13 13 13 13 13 
 1.40543  1 1 2 2 2 3 3 4 4 4 4 4 4 5 5 5 5 6 6 6 6 6 7 7 7 7 7 7 7 8 8 8 8 8 9 9 9 9 9 9 9 9 9 9 9 9 9 9 9 10 10 11 11 11 11 11 11 11 11 11 11 11 11 11 11 11 11 11 11 11 11 12 12 12 12 12 12 12 12 12 12 12 12 12 12 12 13 13 13 13 14 14 14 14 14 14 14 14 14 14 
 1.50524  3 3 4 4 5 5 5 6 6 6 6 7 7 8 8 8 8 9 9 9 9 9 10 10 11 11 11 11 11 12 12 12 12 12 12 12 12 12 12 12 12 12 12 12 12 12 12 12 12 13 13 14 14 14 14 14 14 14 14 14 14 14 14 14 14 14 14 14 14 14 14 15 15 15 15 15 15 15 15 15 15 15 15 15 15 15 15 15 15 15 15 15 15 15 15 15 15 15 15 15 
 1.60617  3 3 4 4 5 5 5 6 6 6 6 7 7 8 8 8 8 9 9 9 9 9 10 10 11 11 11 11 11 12 12 12 12 12 12 12 12 12 12 12 12 12 12 12 12 12 12 12 12 13 13 14 14 14 14 14 14 14 14 14 14 14 14 14 14 14 14 14 14 14 14 15 15 15 15 15 15 15 15 15 15 15 15 15 15 15 15 15 16 16 16 16 16 16 16 16 16 16 16 16 
 1.70542  3 3 4 4 5 5 5 6 6 6 6 7 7 8 8 8 8 9 9 9 9 9 10 10 11 11 11 11 11 12 12 12 12 12 12 12 12 12 12 12 12 12 12 12 12 12 12 12 12 13 13 14 14 14 14 14 14 14 14 14 14 14 14 14 14 14 14 14 14 14 14 15 15 15 15 15 15 15 15 15 15 15 15 15 15 15 15 15 16 16 17 17 17 17 17 17 17 17 17 17 
 1.80527  3 3 4 4 5 5 5 6 6 6 6 7 7 8 8 8 8 9 9 9 9 9 10 10 11 11 11 11 11 12 12 12 12 12 12 12 12 12 12 12 12 12 12 12 12 12 12 12 12 13 13 14 14 14 14 14 14 14 14 14 14 14 14 14 14 14 14 14 14 14 14 15 15 15 15 15 15 15 15 15 15 15 15 15 15 15 16 16 17 17 18 18 18 18 18 18 18 18 18 18 
 1.90517  10 10 11 11 11 11 11 12 12 12 12 13 13 14 14 14 14 15 15 15 15 15 16 16 16 16 16 16 16 16 16 16 16 16 16 16 16 16 16 16 16 16 16 16 16 16 16 16 16 16 16 17 17 17 17 17 17 17 17 17 17 17 17 17 17 17 17 17 17 17 17 17 17 17 17 17 17 17 17 17 17 17 17 17 17 17 17 17 18 18 19 19 19 19 19 19 19 19 19 19 
 2.00535  10 10 11 11 11 11 11 12 12 12 12 13 13 14 14 14 14 15 15 15 15 16 17 17 17 17 17 17 17 17 17 17 17 17 17 17 17 17 17 17 17 17 17 17 17 17 17 17 17 17 17 18 18 18 18 18 18 18 18 18 18 18 18 18 18 18 18 18 18 18 18 18 18 18 18 18 18 18 18 18 18 18 18 18 18 18 18 18 19 19 20 20 20 20 20 20 20 20 20 20 
 2.10534  10 10 11 11 11 11 11 12 12 12 12 13 13 14 14 14 14 15 15 15 15 16 17 17 17 17 17 17 17 17 17 17 17 17 17 17 17 17 17 17 17 17 17 17 17 17 17 17 17 17 17 18 18 18 18 18 18 18 18 18 18 18 18 18 18 18 18 18 18 18 18 18 18 18 18 18 18 18 18 18 18 18 18 18 18 18 19 19 20 20 21 21 21 21 21 21 21 21 21 21 
 2.20694  10 10 11 11 11 11 11 12 12 12 12 13 13 14 14 14 14 15 15 15 15 16 17 17 17 17 18 18 18 18 18 18 18 18 18 18 18 18 18 18 18 18 18 18 18 18 18 18 18 19 19 20 20 20 20 20 20 20 20 20 20 20 20 20 20 20 20 20 20 20 20 20 20 20 20 20 20 20 20 20 20 20 20 20 20 20 21 21 21 21 22 22 22 22 22 22 22 22 22 22 
 2.30535  13 13 14 14 14 14 14 15 15 15 15 16 16 17 17 17 18 18 18 18 18 19 20 20 20 21 22 22 23 23 23 23 23 23 23 23 23 23 23 23 23 23 23 23 23 23 23 23 23 23 23 23 23 23 23 23 23 23 23 23 23 23 23 23 23 23 23 23 23 23 23 23 23 23 23 23 23 23 23 23 23 23 23 23 23 23 23 23 23 23 23 23 23 23 23 23 23 23 23 23 
 2.40505  20 20 21 21 21 21 21 22 22 22 22 23 23 23 23 23 23 23 23 24 24 24 24 24 24 24 24 24 24 24 24 24 24 24 24 24 24 24 24 24 24 24 24 24 24 24 24 24 24 24 24 24 24 24 24 24 24 24 24 24 24 24 24 24 24 24 24 24 24 24 24 24 24 24 24 24 24 24 24 24 24 24 24 24 24 24 24 24 24 24 24 24 24 24 24 24 24 24 24 24 
 2.50503  22 22 23 23 23 23 23 23 23 23 23 24 24 24 24 24 24 24 24 25 25 25 25 25 25 25 25 25 25 25 25 25 25 25 25 25 25 25 25 25 25 25 25 25 25 25 25 25 25 25 25 25 25 25 25 25 25 25 25 25 25 25 25 25 25 25 25 25 25 25 25 25 25 25 25 25 25 25 25 25 25 25 25 25 25 25 25 25 25 25 25 25 25 25 25 25 25 25 25 25 
 2.60514  22 22 23 23 23 23 23 23 23 23 23 24 24 24 25 25 25 25 25 26 26 26 26 26 26 26 26 26 26 26 26 26 26 26 26 26 26 26 26 26 26 26 26 26 26 26 26 26 26 26 26 26 26 26 26 26 26 26 26 26 26 26 26 26 26 26 26 26 26 26 26 26 26 26 26 26 26 26 26 26 26 26 26 26 26 26 26 26 26 26 26 26 26 26 26 26 26 26 26 26 
 2.70575  22 22 23 23 23 23 23 23 23 23 23 24 24 24 25 25 25 25 25 26 26 26 26 26 26 26 26 26 26 26 26 26 26 26 26 27 27 27 27 27 27 27 27 27 27 27 27 27 27 27 27 27 27 27 27 27 27 27 27 27 27 27 27 27 27 27 27 27 27 27 27 27 27 27 27 27 27 27 27 27 27 27 27 27 27 27 27 27 27 27 27 27 27 27 27 27 27 27 27 27 
 2.80693  22 22 23 23 23 23 23 23 23 23 23 24 24 24 25 25 25 25 25 26 26 26 26 26 26 26 26 26 26 26 26 26 26 26 26 27 27 27 27 27 27 27 27 27 27 27 27 27 27 28 28 28 28 28 28 28 28 28 28 28 28 28 28 28 28 28 28 28 28 28 28 28 28 28 28 28 28 28 28 28 28 28 28 28 28 28 28 28 28 28 28 28 28 28 28 28 28 28 28 28 
 2.90602  22 22 23 23 23 23 23 23 23 23 23 24 24 24 25 25 25 25 25 26 26 26 26 26 26 26 26 26 26 26 26 26 26 26 26 27 27 27 27 27 27 27 27 27 27 27 27 27 27 28 28 28 28 28 28 28 28 28 28 28 28 28 28 28 28 28 28 28 28 28 28 28 28 28 28 28 28 28 28 28 28 28 28 28 28 28 28 28 28 28 29 29 29 29 29 29 29 29 29 29 
 3.00565  22 22 23 23 23 23 23 23 23 23 23 24 24 24 25 25 25 25 25 26 26 26 26 26 26 26 26 26 26 26 26 26 26 26 26 27 27 27 27 27 27 27 27 27 27 27 27 27 27 28 28 28 28 28 28 28 28 28 28 28 28 28 28 28 28 28 28 28 28 28 28 28 28 28 28 28 28 28 28 28 28 28 28 28 28 28 29 29 29 29 30 30 30 30 30 30 30 30 30 30 
 3.10554  22 22 23 23 23 23 23 23 23 23 23 24 24 24 25 25 25 25 25 26 26 26 26 26 26 26 26 27 28 28 29 29 29 30 30 30 30 30 30 31 31 31 31 31 31 31 31 31 31 31 31 31 31 31 31 31 31 31 31 31 31 31 31 31 31 31 31 31 31 31 31 31 31 31 31 31 31 31 31 31 31 31 31 31 31 31 31 31 31 31 31 31 31 31 31 31 31 31 31 31 
 3.20576  22 22 23 23 23 23 23 23 23 23 23 24 24 24 25 25 25 25 25 26 26 26 26 26 26 26 26 27 28 28 29 29 29 30 30 30 30 30 30 31 31 31 31 31 31 31 31 31 31 32 32 32 32 32 32 32 32 32 32 32 32 32 32 32 32 32 32 32 32 32 32 32 32 32 32 32 32 32 32 32 32 32 32 32 32 32 32 32 32 32 32 32 32 32 32 32 32 32 32 32 
 3.30623  22 22 23 23 23 23 23 23 23 23 23 24 24 24 25 25 25 25 25 26 26 26 26 26 26 26 26 27 28 28 29 29 29 30 30 30 30 30 30 31 31 31 31 31 31 31 31 31 31 32 32 32 32 32 32 33 33 33 33 33 33 33 33 33 33 33 33 33 33 33 33 33 33 33 33 33 33 33 33 33 33 33 33 33 33 33 33 33 33 33 33 33 33 33 33 33 33 33 33 33 
 3.40649  22 22 23 23 23 23 23 23 23 23 23 24 24 24 25 25 25 25 25 26 26 26 26 26 26 26 26 27 28 28 29 29 29 30 30 30 30 30 30 31 31 31 31 31 31 31 31 31 31 32 32 32 32 32 32 33 33 33 33 33 33 33 33 33 33 33 33 33 33 33 33 33 33 33 33 33 33 33 33 33 33 33 33 33 33 33 33 33 33 33 34 34 34 34 34 34 34 34 34 34 
 3.50679  22 22 23 23 23 23 23 23 23 23 23 24 24 24 25 25 25 25 25 26 26 26 26 26 26 26 26 27 28 28 29 29 29 30 30 30 30 30 30 31 31 31 31 31 31 31 31 31 31 32 32 32 32 32 32 33 33 33 33 33 33 33 33 33 33 33 33 33 33 33 33 33 33 33 33 33 33 33 33 33 33 33 33 33 33 33 34 34 34 34 35 35 35 35 35 35 35 35 35 35 
 3.60578  22 22 23 23 23 23 23 23 23 23 23 24 24 24 25 25 25 25 25 26 26 26 26 26 26 26 26 27 28 28 29 29 29 30 30 30 30 30 30 31 32 32 32 32 32 32 32 32 32 33 33 33 34 34 34 34 35 35 35 35 35 35 35 35 35 35 35 36 36 36 36 36 36 36 36 36 36 36 36 36 36 36 36 36 36 36 36 36 36 36 36 36 36 36 36 36 36 36 36 36 
 3.70555  27 27 27 27 27 27 27 27 27 27 27 28 28 28 28 28 28 28 28 28 29 29 29 29 30 31 31 32 32 32 32 32 32 32 32 33 34 34 34 34 35 35 35 35 35 36 36 36 36 36 37 37 37 37 37 37 37 37 37 37 37 37 37 37 37 37 37 37 37 37 37 37 37 37 37 37 37 37 37 37 37 37 37 37 37 37 37 37 37 37 37 37 37 37 37 37 37 37 37 37 
 3.80566  27 27 27 27 27 27 27 27 27 27 27 28 28 28 28 28 28 28 28 28 29 29 29 29 30 31 31 32 32 32 32 32 32 32 32 33 34 34 34 34 35 35 35 35 35 36 36 36 36 36 37 37 37 37 37 37 37 37 37 37 37 37 38 38 38 38 38 38 38 38 38 38 38 38 38 38 38 38 38 38 38 38 38 38 38 38 38 38 38 38 38 38 38 38 38 38 38 38 38 38 
 3.90614  27 27 27 27 27 27 27 27 27 27 27 28 28 28 28 28 28 28 28 28 29 29 29 29 30 31 31 32 32 32 32 32 32 32 32 33 34 34 34 34 35 35 35 35 35 36 36 36 36 36 37 37 37 37 37 37 37 37 38 38 38 38 39 39 39 39 39 39 39 39 39 39 39 39 39 39 39 39 39 39 39 39 39 39 39 39 39 39 39 39 39 39 39 39 39 39 39 39 39 39 
 4.00613  27 27 27 27 27 27 27 27 27 27 27 28 28 28 28 28 28 28 28 28 29 29 29 29 30 31 31 32 32 32 32 32 32 32 32 33 34 34 34 34 35 35 35 35 35 36 36 36 36 36 37 37 37 37 37 37 37 37 38 38 38 38 39 39 39 39 39 39 39 39 39 40 40 40 40 40 40 40 40 40 40 40 40 40 40 40 40 40 40 40 40 40 40 40 40 40 40 40 40 40 
 4.10709  27 27 27 27 27 27 27 27 27 27 27 28 28 28 28 28 28 28 28 28 29 29 29 29 30 31 31 32 32 32 32 32 32 32 32 33 34 34 34 34 35 35 35 35 35 36 36 36 36 36 37 37 37 37 37 37 37 37 38 38 38 38 39 39 39 39 39 39 40 40 40 41 41 41 41 41 41 41 41 41 41 41 41 41 41 41 41 41 41 41 41 41 41 41 41 41 41 41 41 41 
 4.20603  33 33 33 33 33 33 33 33 33 33 33 33 33 33 33 33 33 33 34 34 35 35 35 35 36 36 36 36 36 36 37 37 37 37 37 37 37 37 37 38 38 38 38 38 38 38 38 38 38 38 38 38 38 39 39 40 40 41 41 41 41 42 42 42 42 42 42 42 42 42 42 42 42 42 42 42 42 42 42 42 42 42 42 42 42 42 42 42 42 42 42 42 42 42 42 42 42 42 42 42 
 
